sample	diploid_frac_Cd	diploid_frac_conf	squid_frac_Cd	squid_frac_conf
prad_TCGA-CH-5772-01A-11R-1580-07	0.7872340425531915	0.8604651162790697	0.19444444444444445	0.05426356589147287
luad_TCGA-38-4631-01A-01R-1755-07	0.9139784946236559	0.9444444444444444	0.4666666666666667	0.07777777777777778
prad_TCGA-CH-5792-01A-11R-1580-07	0.8717948717948718	0.8717948717948718	0.3333333333333333	0.0641025641025641
prad_TCGA-EJ-5501-01A-01R-1580-07	0.7112676056338029	0.9805825242718447	0.3442622950819672	0.20388349514563106
brca_TCGA-BH-A0AY-01A-21R-A00Z-07	0.9696969696969697	0.6153846153846154	0.4	0.01282051282051282
prad_TCGA-EJ-5497-01A-02R-1580-07	0.8727272727272727	0.9230769230769231	0.36363636363636365	0.07692307692307693
blca_TCGA-DK-A3WY-01A-11R-A22U-07	0.9097744360902256	0.5401785714285714	0.4782608695652174	0.049107142857142856
luad_TCGA-55-6986-01A-11R-1949-07	0.8493150684931506	0.8611111111111112	0.25	0.041666666666666664
blca_TCGA-CU-A0YO-01A-11R-A10U-07	0.8313253012048193	0.9324324324324325	0.1875	0.04054054054054054
brca_TCGA-A7-A0D9-01A-31R-A056-07	0.9622641509433962	0.6845637583892618	0.8	0.10738255033557047
brca_TCGA-E2-A1IG-01A-11R-A144-07	0.9333333333333333	0.875	0.6	0.09375
brca_TCGA-BH-A0AU-01A-11R-A12P-07	0.9421487603305785	0.8260869565217391	0.6111111111111112	0.07971014492753623
brca_TCGA-AC-A2FB-01A-11R-A17B-07	0.8461538461538461	0.7096774193548387	0.2222222222222222	0.03225806451612903
blca_TCGA-DK-A6AV-01A-12R-A30C-07	0.9154929577464789	0.8904109589041096	0.4444444444444444	0.0547945205479452
blca_TCGA-BT-A2LD-01A-12R-A20F-07	0.9240506329113924	0.9864864864864865	0.6666666666666666	0.10810810810810811
blca_TCGA-DK-A6B6-01A-11R-A30C-07	0.828125	0.9814814814814815	0.45	0.16666666666666666
blca_TCGA-DK-A3IU-01A-11R-A20F-07	0.7692307692307693	0.9836065573770492	0.3	0.09836065573770492
luad_TCGA-35-4123-01A-01R-1107-07	0.9236111111111112	0.7228260869565217	0.3888888888888889	0.03804347826086957
prad_TCGA-CH-5750-01A-11R-1580-07	0.8774193548387097	0.951048951048951	0.4857142857142857	0.11888111888111888
brca_TCGA-BH-A18S-01A-11R-A12D-07	0.9415584415584416	0.8238636363636364	0.5	0.03977272727272727
brca_TCGA-BH-A1ET-01A-11R-A137-07	0.7666666666666667	0.9787234042553191	0.391304347826087	0.19148936170212766
brca_TCGA-BH-A0BM-01A-11R-A056-07	0.9313984168865436	0.8781094527363185	0.25	0.01990049751243781
luad_TCGA-91-6831-01A-11R-1858-07	0.9581005586592178	0.8553615960099751	0.4166666666666667	0.02493765586034913
prad_TCGA-CH-5768-01A-11R-1580-07	0.9348534201954397	0.6737089201877934	0.32142857142857145	0.02112676056338028
brca_TCGA-BH-A1EO-01A-11R-A137-07	0.8241758241758241	0.974025974025974	0.4827586206896552	0.18181818181818182
blca_TCGA-CU-A0YR-01A-12R-A10U-07	0.9261744966442953	0.8734177215189873	0.4	0.0379746835443038
blca_TCGA-C4-A0EZ-01A-21R-A24X-07	0.9294117647058824	0.8020304568527918	0.25	0.02030456852791878
blca_TCGA-DK-A3IV-01A-22R-A21D-07	0.9357142857142857	0.9225352112676056	0.5294117647058824	0.06338028169014084
brca_TCGA-A7-A0CH-01A-21R-A00Z-07	0.9545454545454546	0.984375	0.625	0.078125
luad_TCGA-05-4410-01A-21R-1858-07	0.9056603773584906	0.6274509803921569	0.6153846153846154	0.10457516339869281
blca_TCGA-DK-A1AC-01A-11R-A13Y-07	0.9230769230769231	0.9056603773584906	0.625	0.09433962264150944
blca_TCGA-BT-A20J-01A-11R-A14Y-07	0.861244019138756	0.6143344709897611	0.45098039215686275	0.07849829351535836
prad_TCGA-HC-7211-01A-11R-2118-07	0.8571428571428571	0.9411764705882353	0.46153846153846156	0.11764705882352941
prad_TCGA-EJ-7315-01A-31R-2118-07	0.8352941176470589	0.6513761467889908	0.25	0.045871559633027525
brca_TCGA-BH-A1EW-01A-11R-A137-07	0.8934426229508197	0.8515625	0.23529411764705882	0.03125
blca_TCGA-CF-A1HR-01A-11R-A13Y-07	0.88	0.13253012048192772	0.6666666666666666	0.03614457831325301
blca_TCGA-DK-A3X2-01A-11R-A22U-07	0.8928571428571429	1.0	0.6842105263157895	0.26
luad_TCGA-50-5933-01A-11R-1755-07	0.8852459016393442	0.9	0.3	0.05
blca_TCGA-BT-A20R-01A-12R-A16R-07	0.9054054054054054	0.366120218579235	0.5333333333333333	0.04371584699453552
prad_TCGA-CH-5746-01A-11R-1580-07	0.9493670886075949	0.7922535211267606	0.4	0.028169014084507043
brca_TCGA-E2-A153-01A-12R-A12D-07	0.959349593495935	0.8805970149253731	0.4444444444444444	0.029850746268656716
luad_TCGA-44-5645-01A-01R-1628-07	0.9176470588235294	0.8764044943820225	0.5	0.07865168539325842
brca_TCGA-AC-A2FM-01A-11R-A19W-07	0.9683544303797469	0.7427184466019418	0.5555555555555556	0.024271844660194174
blca_TCGA-GC-A3WC-01A-31R-A22U-07	0.9447236180904522	0.6372881355932203	0.375	0.020338983050847456
luad_TCGA-35-3615-01A-01R-0946-07	0.8983050847457628	0.49074074074074076	0.3333333333333333	0.023148148148148147
prad_TCGA-EJ-7784-01A-11R-2118-07	0.9078947368421053	0.8313253012048193	0.2	0.018072289156626505
luad_TCGA-55-6982-01A-11R-1949-07	0.881578947368421	0.7790697674418605	0.3076923076923077	0.046511627906976744
blca_TCGA-CF-A3MH-01A-11R-A20F-07	0.8888888888888888	0.7417218543046358	0.3	0.039735099337748346
blca_TCGA-K4-A3WV-01A-11R-A22U-07	0.8936170212765957	0.8484848484848485	0.25	0.030303030303030304
brca_TCGA-E2-A1LB-01A-11R-A144-07	0.9072164948453608	0.8979591836734694	0.6	0.12244897959183673
luad_TCGA-44-2661-01A-01R-1107-07	0.8961038961038961	0.7540983606557377	0.4230769230769231	0.060109289617486336
brca_TCGA-BH-A1FC-01A-11R-A13Q-07	0.9410112359550562	0.881578947368421	0.23809523809523808	0.013157894736842105
blca_TCGA-BT-A20T-01A-11R-A14Y-07	0.9483870967741935	0.8497109826589595	0.3333333333333333	0.017341040462427744
prad_TCGA-EJ-5516-01A-01R-1580-07	0.8333333333333334	0.8791208791208791	0.16666666666666666	0.03296703296703297
brca_TCGA-BH-A18P-01A-11R-A12D-07	0.9135802469135802	0.7047619047619048	0.46153846153846156	0.05714285714285714
brca_TCGA-BH-A0DK-01A-21R-A056-07	0.8735632183908046	0.9743589743589743	0.4117647058823529	0.08974358974358974
prad_TCGA-EJ-5498-01A-01R-1580-07	0.9261744966442953	0.4584717607973422	0.3125	0.016611295681063124
prad_TCGA-EJ-7794-01A-11R-2118-07	0.8225806451612904	0.6754966887417219	0.25925925925925924	0.046357615894039736
blca_TCGA-CF-A47V-01A-11R-A23W-07	0.8085106382978723	0.35023041474654376	0.2916666666666667	0.03225806451612903
prad_TCGA-EJ-5514-01A-01R-1580-07	0.927536231884058	0.7619047619047619	0.2857142857142857	0.015873015873015872
blca_TCGA-BT-A42E-01A-11R-A23W-07	0.9470899470899471	0.49175824175824173	0.47368421052631576	0.024725274725274724
prad_TCGA-CH-5748-01A-11R-1580-07	0.76	0.8333333333333334	0.19444444444444445	0.06140350877192982
brca_TCGA-BH-A0BC-01A-22R-A084-07	0.8823529411764706	0.6887755102040817	0.38461538461538464	0.05102040816326531
blca_TCGA-BL-A13I-01A-11R-A13Y-07	0.9147727272727273	0.8473684210526315	0.375	0.04736842105263158
luad_TCGA-55-6984-01A-11R-1949-07	0.9205298013245033	0.6261261261261262	0.35294117647058826	0.02702702702702703
blca_TCGA-BT-A3PK-01A-21R-A220-07	0.9485294117647058	0.9148936170212766	0.46153846153846156	0.0425531914893617
blca_TCGA-DK-A1A3-01A-11R-A13Y-07	0.9006622516556292	0.6476190476190476	0.4782608695652174	0.05238095238095238
prad_TCGA-EJ-7125-01A-11R-1965-07	0.8490566037735849	0.9278350515463918	0.36	0.09278350515463918
blca_TCGA-C4-A0F0-01A-12R-A10U-07	0.835820895522388	0.7887323943661971	0.23076923076923078	0.04225352112676056
prad_TCGA-CH-5794-01A-11R-1580-07	0.8481012658227848	0.8701298701298701	0.35294117647058826	0.07792207792207792
luad_TCGA-05-5423-01A-01R-1628-07	0.8582677165354331	0.6526946107784432	0.3076923076923077	0.04790419161676647
brca_TCGA-A7-A13E-01A-11R-A12P-07	0.7634408602150538	0.7029702970297029	0.26666666666666666	0.07920792079207921
luad_TCGA-05-4432-01A-01R-1206-07	0.7605633802816901	0.5567010309278351	0.4482758620689655	0.13402061855670103
prad_TCGA-EJ-7792-01A-11R-2118-07	0.8292682926829268	0.9577464788732394	0.4090909090909091	0.1267605633802817
luad_TCGA-05-4415-01A-22R-1858-07	0.8111111111111111	0.7525773195876289	0.2916666666666667	0.07216494845360824
blca_TCGA-BT-A0YX-01A-11R-A10U-07	0.84375	0.9529411764705882	0.3	0.07058823529411765
blca_TCGA-DK-A1AB-01A-11R-A13Y-07	0.84	0.5915492957746479	0.3333333333333333	0.056338028169014086
prad_TCGA-CH-5790-01A-11R-1580-07	0.8902439024390244	0.9733333333333334	0.5625	0.12
prad_TCGA-HC-8262-01A-11R-2263-07	0.8382352941176471	0.8142857142857143	0.2857142857142857	0.05714285714285714
brca_TCGA-BH-A1FB-01A-11R-A13Q-07	0.9550898203592815	0.731651376146789	0.38095238095238093	0.01834862385321101
brca_TCGA-BH-A0BV-01A-11R-A00Z-07	0.948905109489051	0.8469055374592834	0.5357142857142857	0.048859934853420196
prad_TCGA-EJ-7797-01A-11R-2263-07	0.9174603174603174	0.8757575757575757	0.3142857142857143	0.03333333333333333
prad_TCGA-CH-5761-01A-11R-1580-07	0.8651685393258427	0.9506172839506173	0.3888888888888889	0.08641975308641975
brca_TCGA-BH-A0BQ-01A-21R-A115-07	0.9436619718309859	0.8072289156626506	0.6	0.07228915662650602
blca_TCGA-DK-A2I1-01A-11R-A180-07	0.9555555555555556	0.832258064516129	0.5	0.03870967741935484
luad_TCGA-44-6145-01A-11R-1755-07	0.9359605911330049	0.8558558558558559	0.38095238095238093	0.036036036036036036
prad_TCGA-EJ-5499-01A-01R-1580-07	0.9029535864978903	0.9224137931034483	0.42105263157894735	0.06896551724137931
luad_TCGA-55-6981-01A-11R-1949-07	0.9095022624434389	0.8445378151260504	0.47058823529411764	0.06722689075630252
brca_TCGA-BH-A0DG-01A-21R-A12P-07	0.883495145631068	0.5947712418300654	0.3888888888888889	0.0457516339869281
blca_TCGA-DK-A3IK-01A-32R-A21D-07	0.9070796460176991	0.8836206896551724	0.14285714285714285	0.01293103448275862
prad_TCGA-CH-5737-01A-11R-1580-07	0.9430604982206405	0.8255451713395638	0.4230769230769231	0.03426791277258567
luad_TCGA-44-2657-01A-01R-1107-07	0.8809523809523809	0.9487179487179487	0.4444444444444444	0.10256410256410256
blca_TCGA-DK-A3WW-01A-22R-A23N-07	0.8163265306122449	0.8333333333333334	0.34615384615384615	0.09375
brca_TCGA-BH-A18K-01A-11R-A12D-07	0.9565217391304348	0.6724890829694323	0.42105263157894735	0.017467248908296942
brca_TCGA-BH-A18Q-01A-12R-A12D-07	0.9553903345724907	0.8210862619808307	0.4444444444444444	0.025559105431309903
luad_TCGA-55-6978-01A-11R-1949-07	0.8352272727272727	0.9363057324840764	0.37209302325581395	0.10191082802547771
prad_TCGA-CH-5791-01A-11R-1580-07	0.9436619718309859	0.783625730994152	0.6	0.05263157894736842
brca_TCGA-BH-A0BA-01A-11R-A056-07	0.9393939393939394	0.8157894736842105	0.5555555555555556	0.06578947368421052
luad_TCGA-05-4426-01A-01R-1206-07	0.85	0.9622641509433962	0.4	0.11320754716981132
luad_TCGA-44-6147-01A-11R-1755-07	0.963855421686747	1.0	0.7142857142857143	0.0625
blca_TCGA-DK-A6B0-01A-11R-A31N-07	0.8541666666666666	0.9534883720930233	0.5357142857142857	0.1744186046511628
luad_TCGA-05-4405-01A-21R-1858-07	0.9090909090909091	0.7874015748031497	0.2857142857142857	0.031496062992125984
prad_TCGA-CH-5767-01A-11R-1789-07	0.8571428571428571	0.9882352941176471	0.5	0.15294117647058825
blca_TCGA-BT-A42C-01A-11R-A23N-07	0.8514851485148515	0.8958333333333334	0.2222222222222222	0.041666666666666664
brca_TCGA-BH-A0DL-01A-11R-A115-07	0.8436018957345972	0.4876712328767123	0.15789473684210525	0.01643835616438356
blca_TCGA-BT-A20W-01A-21R-A14Y-07	0.841726618705036	0.841726618705036	0.34375	0.07913669064748201
prad_TCGA-G9-6384-01A-11R-1789-07	0.9067796610169492	0.5783783783783784	0.625	0.08108108108108109
blca_TCGA-BT-A20P-01A-11R-A14Y-07	0.8888888888888888	0.909952606635071	0.34285714285714286	0.05687203791469194
prad_TCGA-CH-5788-01A-11R-1580-07	0.8275862068965517	0.6451612903225806	0.34285714285714286	0.06451612903225806
brca_TCGA-BH-A0E0-01A-11R-A056-07	0.9512195121951219	0.9285714285714286	0.5	0.047619047619047616
luad_TCGA-44-6777-01A-11R-1858-07	0.9230769230769231	0.3769633507853403	0.3333333333333333	0.015706806282722512
prad_TCGA-EJ-5496-01A-01R-1580-07	0.8522727272727273	0.7075471698113207	0.5666666666666667	0.16037735849056603
prad_TCGA-CH-5753-01A-11R-1580-07	0.9038461538461539	0.88125	0.3333333333333333	0.04375
blca_TCGA-CF-A47Y-01A-11R-A23W-07	0.6555555555555556	0.9833333333333333	0.42592592592592593	0.38333333333333336
brca_TCGA-BH-A0H5-01A-21R-A115-07	0.813953488372093	0.9722222222222222	0.4666666666666667	0.19444444444444445
brca_TCGA-BH-A0BW-01A-11R-A115-07	0.910828025477707	0.8666666666666667	0.6	0.09090909090909091
blca_TCGA-BT-A20X-01A-11R-A16R-07	0.9342723004694836	0.8805309734513275	0.3	0.02654867256637168
prad_TCGA-HC-7752-01A-11R-2118-07	0.8571428571428571	0.9411764705882353	0.42857142857142855	0.11764705882352941
brca_TCGA-BH-A0BJ-01A-11R-A056-07	0.9285714285714286	0.9629629629629629	0.625	0.09259259259259259
blca_TCGA-CU-A3KJ-01A-11R-A21D-07	0.92	0.971830985915493	0.4	0.056338028169014086
blca_TCGA-BT-A42F-01A-11R-A23W-07	0.9461077844311377	0.9028571428571428	0.5263157894736842	0.05714285714285714
brca_TCGA-BH-A0DV-01A-21R-A12P-07	0.9533333333333334	0.9407894736842105	0.5625	0.05921052631578947
prad_TCGA-EJ-5495-01A-01R-1580-07	0.8367346938775511	0.803921568627451	0.21052631578947367	0.0392156862745098
luad_TCGA-49-6761-01A-31R-1949-07	0.7192982456140351	0.9534883720930233	0.3	0.13953488372093023
blca_TCGA-BT-A20U-01A-11R-A14Y-07	0.74	0.9367088607594937	0.4222222222222222	0.24050632911392406
blca_TCGA-DK-A2HX-01A-12R-A18C-07	0.9371584699453552	0.9828080229226361	0.23333333333333334	0.02005730659025788
prad_TCGA-G9-6363-01A-21R-1789-07	0.9278350515463918	0.7563025210084033	0.5333333333333333	0.06722689075630252
brca_TCGA-BH-A18N-01A-11R-A12D-07	0.8091603053435115	0.9724770642201835	0.2727272727272727	0.08256880733944955
luad_TCGA-55-6985-01A-11R-1949-07	0.7131147540983607	0.47802197802197804	0.28888888888888886	0.07142857142857142
brca_TCGA-BH-A0DZ-01A-11R-A00Z-07	0.8984375	0.7615894039735099	0.26666666666666666	0.026490066225165563
brca_TCGA-BH-A0BZ-01A-31R-A12P-07	0.8979591836734694	0.8073394495412844	0.5238095238095238	0.10091743119266056
prad_TCGA-HC-7747-01A-11R-2118-07	0.8285714285714286	0.9206349206349206	0.42857142857142855	0.14285714285714285
brca_TCGA-BH-A1FE-01A-11R-A13Q-07	0.8717948717948718	0.7311827956989247	0.42857142857142855	0.06451612903225806
prad_TCGA-EJ-7783-01A-11R-2118-07	0.943089430894309	0.6408839779005525	0.36363636363636365	0.022099447513812154
luad_TCGA-49-4512-01A-21R-1858-07	0.9044117647058824	0.7109826589595376	0.3333333333333333	0.03468208092485549
brca_TCGA-BH-A18R-01A-11R-A12D-07	0.8552631578947368	0.9558823529411765	0.55	0.16176470588235295
blca_TCGA-CU-A0YN-01A-21R-A10U-07	0.957983193277311	0.4730290456431535	0.4444444444444444	0.016597510373443983
luad_TCGA-49-6744-01A-11R-1858-07	0.9130434782608695	0.9545454545454546	0.14285714285714285	0.015151515151515152
blca_TCGA-BT-A0S7-01A-11R-A10U-07	0.8333333333333334	0.975609756097561	0.2	0.04878048780487805
prad_TCGA-G9-6356-01A-11R-1789-07	0.8775510204081632	0.8431372549019608	0.25	0.0392156862745098
brca_TCGA-BH-A18V-01A-11R-A12D-07	0.8656716417910447	0.8285714285714286	0.5714285714285714	0.17142857142857143
brca_TCGA-BH-A1FU-01A-11R-A14D-07	0.9666666666666667	0.8353909465020576	0.36363636363636365	0.01646090534979424
blca_TCGA-DK-A6B1-01A-12R-A30C-07	0.9787234042553191	0.71875	0.7142857142857143	0.0390625
blca_TCGA-DK-A1A5-01A-11R-A13Y-07	0.7523809523809524	0.7314814814814815	0.3157894736842105	0.1111111111111111
luad_TCGA-49-6743-01A-11R-1858-07	0.8225806451612904	0.8947368421052632	0.3333333333333333	0.08771929824561403
brca_TCGA-E2-A15K-01A-11R-A12P-07	0.7956989247311828	0.9736842105263158	0.24	0.07894736842105263
brca_TCGA-AC-A2FF-01A-11R-A17B-07	0.8472222222222222	0.7176470588235294	0.42105263157894735	0.09411764705882353
blca_TCGA-DK-A1A7-01A-11R-A13Y-07	0.7543859649122807	0.9772727272727273	0.17647058823529413	0.06818181818181818
blca_TCGA-GC-A3BM-01A-11R-A22U-07	0.8777777777777778	0.9294117647058824	0.4444444444444444	0.09411764705882353
brca_TCGA-A7-A13F-01A-11R-A12P-07	0.7647058823529411	1.0	0.36	0.17307692307692307
luad_TCGA-38-6178-01A-11R-1755-07	0.5783132530120482	0.8135593220338984	0.375	0.3559322033898305
blca_TCGA-DK-A1AD-01A-11R-A13Y-07	0.8839285714285714	0.75	0.5769230769230769	0.11363636363636363
blca_TCGA-CF-A5UA-01A-11R-A28M-07	0.7692307692307693	0.8620689655172413	0.2682926829268293	0.09482758620689655
prad_TCGA-EJ-7786-01A-11R-2118-07	0.7716535433070866	0.9423076923076923	0.35714285714285715	0.14423076923076922
brca_TCGA-BH-A0E1-01A-11R-A056-07	0.825	0.4925373134328358	0.2571428571428571	0.033582089552238806
brca_TCGA-BH-A0DP-01A-21R-A056-07	0.9245283018867925	0.7101449275362319	0.3333333333333333	0.028985507246376812
luad_TCGA-55-6970-01A-11R-1949-07	0.9354838709677419	0.8601694915254238	0.2777777777777778	0.0211864406779661
brca_TCGA-BH-A0DD-01A-31R-A12P-07	0.9136363636363637	0.7204301075268817	0.4411764705882353	0.053763440860215055
luad_TCGA-05-5420-01A-01R-1628-07	0.8115942028985508	0.6412213740458015	0.26	0.04961832061068702
prad_TCGA-EJ-7123-01A-11R-1965-07	0.8252427184466019	0.9883720930232558	0.35714285714285715	0.11627906976744186
brca_TCGA-BH-A0C3-01A-21R-A12P-07	0.8713235294117647	0.8464285714285714	0.4444444444444444	0.1
prad_TCGA-CH-5771-01A-21R-1580-07	0.900497512437811	0.6988416988416989	0.23076923076923078	0.023166023166023165
prad_TCGA-G9-6365-01A-11R-1789-07	0.8661417322834646	0.9166666666666666	0.34615384615384615	0.075
luad_TCGA-05-4403-01A-01R-1206-07	0.9192546583850931	0.8043478260869565	0.52	0.07065217391304347
blca_TCGA-BT-A20O-01A-21R-A14Y-07	0.935251798561151	0.8280254777070064	0.4666666666666667	0.044585987261146494
prad_TCGA-HC-8260-01A-11R-2263-07	0.8181818181818182	0.8461538461538461	0.4722222222222222	0.1452991452991453
blca_TCGA-CF-A47T-01A-11R-A23W-07	0.8083832335329342	0.9440559440559441	0.4444444444444444	0.16783216783216784
prad_TCGA-G9-6351-01A-21R-1965-07	0.8438818565400844	0.7299270072992701	0.32075471698113206	0.06204379562043796
brca_TCGA-BH-A0DH-01A-11R-A084-07	0.9521276595744681	0.7489539748953975	0.64	0.06694560669456066
prad_TCGA-HC-7819-01A-11R-2118-07	0.8584905660377359	0.9578947368421052	0.4827586206896552	0.14736842105263157
luad_TCGA-73-4676-01A-01R-1755-07	0.7987012987012987	0.7784810126582279	0.2682926829268293	0.06962025316455696
luad_TCGA-50-5930-01A-11R-1755-07	0.8688524590163934	0.8412698412698413	0.25806451612903225	0.042328042328042326
brca_TCGA-BH-A18M-01A-11R-A12D-07	0.9037037037037037	0.8026315789473685	0.4	0.05263157894736842
prad_TCGA-EJ-7115-01A-11R-2118-07	0.9074074074074074	0.5240641711229946	0.5652173913043478	0.06951871657754011
brca_TCGA-BH-A0C0-01A-21R-A056-07	0.6428571428571429	0.9375	0.16071428571428573	0.09375
prad_TCGA-HC-8258-01A-11R-2263-07	0.888135593220339	0.7891566265060241	0.2571428571428571	0.02710843373493976
luad_TCGA-05-4424-01A-22R-1858-07	0.847457627118644	0.8695652173913043	0.39215686274509803	0.08695652173913043
prad_TCGA-HC-7738-01A-11R-2118-07	0.9137931034482759	0.654320987654321	0.4444444444444444	0.04938271604938271
blca_TCGA-BT-A2LA-01A-11R-A18C-07	0.8661417322834646	0.990990990990991	0.6097560975609756	0.22522522522522523
luad_TCGA-05-4397-01A-01R-1206-07	0.9010989010989011	0.7735849056603774	0.18181818181818182	0.018867924528301886
luad_TCGA-44-6148-01A-11R-1755-07	0.8673469387755102	1.0	0.4	0.09411764705882353
luad_TCGA-05-4395-01A-01R-1206-07	0.8590604026845637	0.9142857142857143	0.4117647058823529	0.1
prad_TCGA-EJ-5508-01A-02R-1580-07	0.9203539823008849	0.6341463414634146	0.4	0.036585365853658534
luad_TCGA-50-5936-01A-11R-1628-07	0.7966101694915254	0.9591836734693877	0.23333333333333334	0.07142857142857142
luad_TCGA-35-4122-01A-01R-1107-07	0.839622641509434	0.5816993464052288	0.34782608695652173	0.05228758169934641
prad_TCGA-CH-5745-01A-11R-1580-07	0.8992805755395683	0.78125	0.38095238095238093	0.05
luad_TCGA-44-6778-01A-11R-1858-07	0.9438775510204082	0.8767772511848341	0.5	0.052132701421800945
blca_TCGA-BT-A3PH-01A-11R-A220-07	0.8909090909090909	0.9702970297029703	0.45454545454545453	0.09900990099009901
prad_TCGA-EJ-7317-01A-31R-2118-07	0.9215686274509803	0.6266666666666667	0.6111111111111112	0.07333333333333333
blca_TCGA-C4-A0F7-01A-11R-A084-07	0.9478260869565217	0.8195488721804511	0.5454545454545454	0.045112781954887216
brca_TCGA-A7-A0CE-01A-11R-A00Z-07	0.8170731707317073	0.881578947368421	0.375	0.11842105263157894
blca_TCGA-CF-A5U8-01A-11R-A28M-07	0.944	0.7972972972972973	0.6666666666666666	0.0945945945945946
brca_TCGA-BH-A1FM-01A-11R-A13Q-07	0.7923076923076923	0.911504424778761	0.2857142857142857	0.08849557522123894
prad_TCGA-HC-8259-01A-11R-2263-07	0.9181286549707602	0.7584541062801933	0.3888888888888889	0.033816425120772944
luad_TCGA-05-4422-01A-01R-1206-07	0.8967391304347826	0.8638743455497382	0.5	0.09424083769633508
blca_TCGA-CU-A72E-01A-12R-A33J-07	0.8371040723981901	0.9158415841584159	0.39622641509433965	0.10396039603960396
prad_TCGA-CH-5789-01A-11R-1580-07	0.9283276450511946	0.8343558282208589	0.46153846153846156	0.05521472392638037
luad_TCGA-38-4625-01A-01R-1206-07	0.948936170212766	0.7170418006430869	0.5555555555555556	0.04823151125401929
brca_TCGA-BH-A0BS-01A-11R-A12P-07	0.9477611940298507	0.7650602409638554	0.7272727272727273	0.04819277108433735
prad_TCGA-CH-5754-01A-11R-1580-07	0.9550561797752809	0.85	0.6923076923076923	0.09
prad_TCGA-EJ-7314-01A-31R-2118-07	0.8055555555555556	0.9560439560439561	0.16666666666666666	0.04395604395604396
prad_TCGA-EJ-5504-01A-01R-1580-07	0.9014084507042254	0.7619047619047619	0.6818181818181818	0.17857142857142858
luad_TCGA-55-6968-01A-11R-1949-07	0.8611111111111112	0.7294117647058823	0.5	0.11764705882352941
prad_TCGA-EJ-7789-01A-11R-2118-07	0.8947368421052632	0.6910569105691057	0.5	0.07723577235772358
blca_TCGA-DK-A2I2-01A-11R-A180-07	0.839622641509434	0.6592592592592592	0.3888888888888889	0.07777777777777778
blca_TCGA-DK-A3IT-01A-31R-A20F-07	0.8390804597701149	0.9605263157894737	0.43478260869565216	0.13157894736842105
prad_TCGA-EJ-5502-01A-01R-1580-07	0.9452054794520548	0.8734177215189873	0.8181818181818182	0.11392405063291139
brca_TCGA-BH-A0BT-01A-11R-A12P-07	0.9234042553191489	0.7	0.5428571428571428	0.06129032258064516
brca_TCGA-BH-A1FD-01A-11R-A13Q-07	0.7661290322580645	0.9313725490196079	0.3	0.11764705882352941
luad_TCGA-49-6745-01A-11R-1858-07	0.8992248062015504	0.7785234899328859	0.6206896551724138	0.12080536912751678
blca_TCGA-GD-A2C5-01A-12R-A180-07	0.7524752475247525	0.6608695652173913	0.46808510638297873	0.19130434782608696
luad_TCGA-55-6983-01A-11R-1949-07	0.8299319727891157	0.8591549295774648	0.21875	0.04929577464788732
blca_TCGA-BT-A20Q-01A-11R-A14Y-07	0.9354838709677419	0.6823529411764706	0.6923076923076923	0.10588235294117647
luad_TCGA-05-4434-01A-01R-1206-07	0.8596491228070176	0.9607843137254902	0.38461538461538464	0.09803921568627451
prad_TCGA-EJ-5517-01A-01R-1580-07	0.796875	0.9444444444444444	0.4583333333333333	0.2037037037037037
luad_TCGA-91-6829-01A-21R-1858-07	0.8148148148148148	0.9166666666666666	0.375	0.125
blca_TCGA-DK-A6B5-01A-11R-A31N-07	0.7843137254901961	0.9302325581395349	0.35294117647058826	0.13953488372093023
luad_TCGA-38-4632-01A-01R-1755-07	0.8823529411764706	0.9782608695652174	0.5	0.08695652173913043
brca_TCGA-BH-A0B5-01A-11R-A12P-07	0.9065420560747663	0.7132352941176471	0.5238095238095238	0.08088235294117647
prad_TCGA-CH-5766-01A-11R-1580-07	0.8837209302325582	0.8941176470588236	0.5454545454545454	0.1411764705882353
luad_TCGA-05-5428-01A-01R-1628-07	0.9010989010989011	0.9318181818181818	0.5882352941176471	0.11363636363636363
prad_TCGA-CH-5744-01A-11R-1580-07	0.875	1.0	0.6666666666666666	0.2857142857142857
blca_TCGA-K4-A5RI-01A-11R-A28M-07	0.7142857142857143	1.0	0.42857142857142855	0.3
blca_TCGA-CF-A3MF-01A-12R-A21D-07	0.9528795811518325	0.7294589178356713	0.4482758620689655	0.026052104208416832
luad_TCGA-55-6975-01A-11R-1949-07	0.8260869565217391	0.9382716049382716	0.058823529411764705	0.012345679012345678
prad_TCGA-EJ-5510-01A-01R-1580-07	0.8541666666666666	0.8092105263157895	0.43243243243243246	0.10526315789473684
blca_TCGA-K4-A54R-01A-11R-A26T-07	0.7722419928825622	0.8930041152263375	0.48760330578512395	0.24279835390946503
blca_TCGA-CF-A47S-01A-11R-A23W-07	0.7096774193548387	0.8301886792452831	0.35714285714285715	0.18867924528301888
blca_TCGA-CF-A27C-01A-11R-A16R-07	0.6065573770491803	1.0	0.3235294117647059	0.2972972972972973
luad_TCGA-38-4629-01A-02R-1206-07	0.8734177215189873	0.9452054794520548	0.09090909090909091	0.0136986301369863
blca_TCGA-DK-A1AA-01A-11R-A13Y-07	0.9420289855072463	0.8904109589041096	0.75	0.1643835616438356
blca_TCGA-DK-A3WX-01A-22R-A22U-07	0.9325842696629213	0.7545454545454545	0.4782608695652174	0.05
brca_TCGA-BH-A209-01A-11R-A157-07	0.9466666666666667	0.7370242214532872	0.5384615384615384	0.04844290657439446
luad_TCGA-50-5939-01A-11R-1628-07	0.9	0.65625	0.5172413793103449	0.078125
prad_TCGA-EJ-5515-01A-01R-1580-07	0.8240740740740741	0.967391304347826	0.36666666666666664	0.11956521739130435
prad_TCGA-EJ-7781-01A-11R-2118-07	0.8916666666666667	0.7925925925925926	0.42857142857142855	0.06666666666666667
prad_TCGA-G9-6499-01A-12R-1965-07	0.8245614035087719	0.5802469135802469	0.35714285714285715	0.06172839506172839
blca_TCGA-DK-A1AE-01A-11R-A13Y-07	0.9221556886227545	0.6754385964912281	0.7	0.12280701754385964
luad_TCGA-49-6742-01A-11R-1858-07	0.9074074074074074	0.7480916030534351	0.5	0.07633587786259542
prad_TCGA-G9-6342-01A-11R-1965-07	0.97	0.8434782608695652	0.8	0.10434782608695652
luad_TCGA-91-6847-01A-11R-1949-07	0.9219858156028369	0.8496732026143791	0.5769230769230769	0.09803921568627451
luad_TCGA-05-4384-01A-01R-1755-07	0.9212598425196851	0.785234899328859	0.6153846153846154	0.10738255033557047
prad_TCGA-G9-6333-01A-12R-1965-07	0.9539473684210527	0.6971153846153846	0.4444444444444444	0.019230769230769232
blca_TCGA-BT-A3PJ-01A-21R-A220-07	0.9423076923076923	0.6419213973799127	0.5625	0.039301310043668124
prad_TCGA-EJ-5512-01A-01R-1580-07	0.8859649122807017	0.8559322033898306	0.43478260869565216	0.0847457627118644
prad_TCGA-EJ-5511-01A-01R-1580-07	0.75	0.9375	0.11764705882352941	0.041666666666666664
luad_TCGA-05-5715-01A-01R-1628-07	0.957983193277311	0.6195652173913043	0.75	0.04891304347826087
blca_TCGA-CU-A3YL-01A-11R-A22U-07	0.9285714285714286	0.9069767441860465	0.4444444444444444	0.046511627906976744
luad_TCGA-38-7271-01A-11R-2039-07	0.780952380952381	0.9534883720930233	0.4	0.16279069767441862
luad_TCGA-05-4244-01A-01R-1107-07	0.8854166666666666	0.794392523364486	0.5	0.09345794392523364
prad_TCGA-CH-5763-01A-11R-1580-07	0.8867924528301887	0.7833333333333333	0.42857142857142855	0.075
brca_TCGA-BH-A0B7-01A-12R-A115-07	0.8918918918918919	0.9041095890410958	0.2	0.0273972602739726
brca_TCGA-BH-A0HA-01A-11R-A12P-07	0.8648648648648649	0.5818181818181818	0.5	0.09090909090909091
luad_TCGA-50-5932-01A-11R-1755-07	0.8461538461538461	1.0	0.2222222222222222	0.045454545454545456
blca_TCGA-BL-A5ZZ-01A-31R-A30C-07	0.9262295081967213	0.738562091503268	0.47058823529411764	0.05228758169934641
prad_TCGA-EJ-7328-01A-31R-2118-07	0.9	0.7443609022556391	0.4	0.045112781954887216
blca_TCGA-GD-A3OP-01A-21R-A220-07	0.8225806451612904	0.8360655737704918	0.35294117647058826	0.09836065573770492
blca_TCGA-CU-A5W6-01A-11R-A28M-07	0.7083333333333334	1.0	0.4	0.23529411764705882
luad_TCGA-05-4398-01A-01R-1206-07	0.9509803921568627	0.9603960396039604	0.6428571428571429	0.0891089108910891
blca_TCGA-GD-A3OQ-01A-32R-A220-07	0.8888888888888888	0.6956521739130435	0.4	0.057971014492753624
luad_TCGA-05-5429-01A-01R-1628-07	0.875	0.9130434782608695	0.5217391304347826	0.13043478260869565
blca_TCGA-BT-A20V-01A-11R-A14Y-07	0.8689320388349514	0.7489539748953975	0.4473684210526316	0.07112970711297072
luad_TCGA-35-5375-01A-01R-1628-07	0.9162790697674419	0.7911646586345381	0.43333333333333335	0.05220883534136546
prad_TCGA-G9-6362-01A-11R-1789-07	0.8947368421052632	0.7264957264957265	0.55	0.09401709401709402
blca_TCGA-BL-A13J-01A-11R-A10U-07	0.8939393939393939	0.8805970149253731	0.6111111111111112	0.16417910447761194
prad_TCGA-CH-5740-01A-11R-1580-07	0.8488372093023255	0.6293103448275862	0.2	0.02586206896551724
blca_TCGA-GC-A6I3-01A-11R-A31N-07	0.8933333333333333	0.8375	0.5294117647058824	0.1125
luad_TCGA-55-6979-01A-11R-1949-07	0.9484536082474226	0.9292929292929293	0.4444444444444444	0.04040404040404041
luad_TCGA-05-4402-01A-01R-1206-07	0.9295774647887324	0.8918918918918919	0.6153846153846154	0.10810810810810811
luad_TCGA-05-4396-01A-21R-1858-07	0.8476190476190476	0.8725490196078431	0.4090909090909091	0.08823529411764706
luad_TCGA-05-4427-01A-21R-1858-07	0.9586776859504132	0.7891156462585034	0.6	0.04081632653061224
prad_TCGA-CH-5752-01A-11R-1580-07	0.9259259259259259	0.8928571428571429	0.5	0.07142857142857142
prad_TCGA-HC-7742-01A-11R-2118-07	0.8904109589041096	0.8227848101265823	0.6842105263157895	0.16455696202531644
brca_TCGA-E2-A158-01A-11R-A12D-07	0.9285714285714286	0.7959183673469388	0.21428571428571427	0.015306122448979591
brca_TCGA-E2-A15I-01A-21R-A137-07	0.8181818181818182	0.84375	0.42857142857142855	0.140625
prad_TCGA-EJ-7327-01A-11R-2118-07	0.9036144578313253	0.872093023255814	0.5625	0.10465116279069768
brca_TCGA-E2-A15M-01A-11R-A12D-07	0.9279279279279279	0.6688311688311688	0.5	0.045454545454545456
blca_TCGA-CF-A3MI-01A-11R-A20F-07	0.8191489361702128	0.9058823529411765	0.22727272727272727	0.058823529411764705
luad_TCGA-38-4626-01A-01R-1206-07	0.8681318681318682	0.9186046511627907	0.25	0.046511627906976744
blca_TCGA-DK-A2I6-01A-12R-A18C-07	0.8314606741573034	0.9487179487179487	0.4230769230769231	0.14102564102564102
luad_TCGA-44-6776-01A-11R-1858-07	0.8031496062992126	0.9714285714285714	0.3888888888888889	0.13333333333333333
luad_TCGA-55-6969-01A-11R-1949-07	0.9076923076923077	0.7283950617283951	0.7	0.1728395061728395
blca_TCGA-BL-A3JM-01A-12R-A21D-07	0.9691358024691358	0.7423167848699763	0.4375	0.016548463356973995
brca_TCGA-BH-A0B3-01A-11R-A056-07	0.9737827715355806	0.6878306878306878	0.5333333333333333	0.021164021164021163
prad_TCGA-CH-5764-01A-21R-1580-07	0.9539473684210527	0.855457227138643	0.3333333333333333	0.02064896755162242
luad_TCGA-50-5935-01A-11R-1755-07	0.9438202247191011	0.9081081081081082	0.3333333333333333	0.021621621621621623
luad_TCGA-55-6980-01A-11R-1949-07	0.9607843137254902	0.7567567567567568	0.2727272727272727	0.011583011583011582
prad_TCGA-EJ-5503-01A-01R-1580-07	0.9682539682539683	0.8026315789473685	0.6842105263157895	0.05701754385964912
luad_TCGA-44-3396-01A-01R-1206-07	0.9423558897243107	0.7430830039525692	0.34615384615384615	0.017786561264822136
blca_TCGA-DK-A1A6-01A-11R-A13Y-07	0.9661354581673307	0.8262350936967632	0.2727272727272727	0.010221465076660987
luad_TCGA-05-4250-01A-01R-1107-07	0.9559471365638766	0.7667844522968198	0.375	0.02120141342756184
brca_TCGA-BH-A18J-01A-11R-A12D-07	0.9662162162162162	0.7688172043010753	0.42857142857142855	0.016129032258064516
blca_TCGA-DK-A6B2-01A-11R-A30C-07	0.9567307692307693	0.9045454545454545	0.5	0.03636363636363636
blca_TCGA-DK-A3IM-01A-11R-A20F-07	0.8707482993197279	0.8767123287671232	0.4166666666666667	0.0684931506849315
brca_TCGA-A7-A0DB-01A-11R-A00Z-07	0.9377777777777778	0.8406374501992032	0.43478260869565216	0.0398406374501992
prad_TCGA-HC-7740-01A-11R-2118-07	0.9429657794676806	0.8671328671328671	0.42857142857142855	0.03146853146853147
prad_TCGA-CH-5762-01A-11R-1580-07	0.9133574007220217	0.7931034482758621	0.43902439024390244	0.05642633228840126
brca_TCGA-BH-A18U-01A-21R-A12D-07	0.9459459459459459	0.8641975308641975	0.4411764705882353	0.037037037037037035
luad_TCGA-38-4630-01A-01R-1206-07	0.9617486338797814	0.7652173913043478	0.4166666666666667	0.021739130434782608
brca_TCGA-BH-A1F2-01A-31R-A13Q-07	0.9628252788104089	0.7134986225895317	0.3	0.008264462809917356
prad_TCGA-EJ-5506-01A-01R-1580-07	0.9076923076923077	0.8676470588235294	0.42857142857142855	0.04411764705882353
luad_TCGA-05-4389-01A-01R-1206-07	0.9668874172185431	0.7807486631016043	0.47058823529411764	0.0213903743315508
brca_TCGA-BH-A18L-01A-32R-A12D-07	0.9032258064516129	0.8235294117647058	0.3235294117647059	0.04044117647058824
luad_TCGA-05-4430-01A-02R-1206-07	0.9107142857142857	0.9	0.25	0.029411764705882353
luad_TCGA-05-4418-01A-01R-1206-07	0.9262672811059908	0.8137651821862348	0.375	0.03643724696356275
luad_TCGA-44-2655-01A-01R-0946-07	0.9485981308411215	0.8423236514522822	0.5454545454545454	0.04979253112033195
luad_TCGA-55-6971-01A-11R-1949-07	0.936231884057971	0.646	0.25925925925925924	0.014
luad_TCGA-91-6836-01A-21R-1858-07	0.8831168831168831	0.85	0.2727272727272727	0.0375
brca_TCGA-BH-A1FG-01A-11R-A13Q-07	0.9090909090909091	0.7751937984496124	0.4117647058823529	0.05426356589147287
prad_TCGA-CH-5738-01A-11R-1580-07	0.9672131147540983	0.7468354430379747	0.5	0.022151898734177215
brca_TCGA-BH-A204-01A-11R-A157-07	0.9281045751633987	0.7717391304347826	0.26666666666666666	0.021739130434782608
brca_TCGA-BH-A1F0-01A-11R-A137-07	0.9256756756756757	0.7965116279069767	0.375	0.03488372093023256
luad_TCGA-49-4490-01A-21R-1858-07	0.9335664335664335	0.6989528795811518	0.39285714285714285	0.028795811518324606
blca_TCGA-BT-A2LB-01A-11R-A18C-07	0.9245283018867925	0.7980456026058632	0.3793103448275862	0.035830618892508145
brca_TCGA-BH-A1EN-01A-11R-A13Q-07	0.9285714285714286	0.8455284552845529	0.631578947368421	0.0975609756097561
blca_TCGA-CF-A1HS-01A-11R-A13Y-07	0.9642857142857143	0.7632508833922261	0.65	0.045936395759717315
luad_TCGA-05-4425-01A-01R-1755-07	0.9560439560439561	0.848780487804878	0.5	0.03414634146341464
blca_TCGA-DK-A3IS-01A-21R-A21D-07	0.9368421052631579	0.8054298642533937	0.2	0.013574660633484163
brca_TCGA-BH-A0DQ-01A-11R-A084-07	0.9388888888888889	0.8802083333333334	0.2727272727272727	0.015625
prad_TCGA-G9-6348-01A-11R-1789-07	0.9400921658986175	0.8464730290456431	0.5	0.04564315352697095
luad_TCGA-44-2668-01A-01R-0946-07	0.9159663865546218	0.7813620071684588	0.28	0.025089605734767026
brca_TCGA-BH-A0DO-01B-11R-A12D-07	0.9330985915492958	0.6760204081632653	0.41379310344827586	0.030612244897959183
prad_TCGA-EJ-7793-01A-31R-2263-07	0.9528985507246377	0.7205479452054795	0.5185185185185185	0.038356164383561646
prad_TCGA-HC-7737-01A-11R-2118-07	0.9552238805970149	0.8421052631578947	0.4	0.02631578947368421
luad_TCGA-44-2662-01A-01R-0946-07	0.9779735682819384	0.7474747474747475	0.7058823529411765	0.04040404040404041
luad_TCGA-38-4628-01A-01R-1206-07	0.9351851851851852	0.8347107438016529	0.3333333333333333	0.028925619834710745
prad_TCGA-EJ-7782-01A-11R-2118-07	0.9131944444444444	0.7850746268656716	0.35135135135135137	0.03880597014925373
luad_TCGA-05-4420-01A-01R-1206-07	0.979381443298969	0.8837209302325582	0.5	0.018604651162790697
prad_TCGA-EJ-7321-01A-31R-2263-07	0.9195804195804196	0.699468085106383	0.36363636363636365	0.031914893617021274
prad_TCGA-CH-5769-01A-11R-1580-07	0.9485714285714286	0.7867298578199052	0.47058823529411764	0.037914691943127965
brca_TCGA-BH-A1F8-01A-11R-A13Q-07	0.9181818181818182	0.7984189723320159	0.37037037037037035	0.039525691699604744
brca_TCGA-BH-A1FN-01A-11R-A13Q-07	0.9664804469273743	0.8009259259259259	0.5714285714285714	0.037037037037037035
prad_TCGA-CH-5739-01A-11R-1580-07	0.945	0.9219512195121952	0.5	0.04878048780487805
prad_TCGA-CH-5765-01A-11R-1580-07	0.9488188976377953	0.6375661375661376	0.25	0.010582010582010581
prad_TCGA-CH-5741-01A-11R-1580-07	0.9240506329113924	0.8021978021978022	0.3888888888888889	0.038461538461538464
prad_TCGA-G9-6496-01A-11R-1789-07	0.9797101449275363	0.7527839643652561	0.6666666666666666	0.026726057906458798
blca_TCGA-BL-A0C8-01A-11R-A10U-07	0.9484240687679083	0.805352798053528	0.41935483870967744	0.031630170316301706
brca_TCGA-AC-A23H-01A-11R-A157-07	0.948936170212766	0.7533783783783784	0.5	0.02364864864864865
brca_TCGA-E2-A1L7-01A-11R-A144-07	0.9421965317919075	0.7912621359223301	0.47058823529411764	0.038834951456310676
blca_TCGA-C4-A0F6-01A-11R-A10U-07	0.9282700421940928	0.8627450980392157	0.3333333333333333	0.03137254901960784
blca_TCGA-DK-A2I4-01A-11R-A21D-07	0.9354838709677419	0.8252032520325203	0.4166666666666667	0.04065040650406504
luad_TCGA-91-6849-01A-11R-1949-07	0.973753280839895	0.7375745526838966	0.4117647058823529	0.013916500994035786
luad_TCGA-05-4390-01A-02R-1755-07	0.924812030075188	0.8692579505300353	0.39285714285714285	0.038869257950530034
luad_TCGA-05-4382-01A-01R-1206-07	0.9324817518248175	0.833605220228385	0.1951219512195122	0.013050570962479609
prad_TCGA-EJ-7331-01A-11R-2118-07	0.9441340782122905	0.824390243902439	0.375	0.02926829268292683
prad_TCGA-EJ-5507-01A-01R-1580-07	0.9283154121863799	0.7777777777777778	0.42857142857142855	0.036036036036036036
luad_TCGA-05-4417-01A-22R-1858-07	0.9525423728813559	0.7849162011173184	0.42857142857142855	0.025139664804469275
luad_TCGA-44-2665-01A-01R-0946-07	0.9420731707317073	0.8196286472148541	0.39285714285714285	0.029177718832891247
brca_TCGA-BH-A1EU-01A-11R-A137-07	0.8943661971830986	0.8788927335640139	0.30952380952380953	0.04498269896193772
blca_TCGA-CF-A3MG-01A-11R-A20F-07	0.9238578680203046	0.8216704288939052	0.4489795918367347	0.04966139954853273
luad_TCGA-05-5425-01A-02R-1628-07	0.9263456090651558	0.8257575757575758	0.25	0.017676767676767676
prad_TCGA-CH-5743-01A-21R-1580-07	0.94	0.6844660194174758	0.4	0.024271844660194174
prad_TCGA-EJ-7330-01A-11R-2118-07	0.9290780141843972	0.7844311377245509	0.32142857142857145	0.02694610778443114
luad_TCGA-91-6828-01A-11R-1858-07	0.9572368421052632	0.714987714987715	0.42105263157894735	0.019656019656019656
luad_TCGA-05-4249-01A-01R-1107-07	0.9314516129032258	0.8279569892473119	0.43478260869565216	0.035842293906810034
prad_TCGA-EJ-5509-01A-01R-1580-07	0.9668737060041408	0.79421768707483	0.16666666666666666	0.00510204081632653
brca_TCGA-BH-A203-01A-12R-A169-07	0.9079754601226994	0.8654970760233918	0.4642857142857143	0.07602339181286549
brca_TCGA-BH-A1F6-01A-11R-A13Q-07	0.9713804713804713	0.8254649499284692	0.38461538461538464	0.01430615164520744
blca_TCGA-C4-A0F1-01A-11R-A034-07	0.9706601466992665	0.7924151696606786	0.4117647058823529	0.013972055888223553
blca_TCGA-CF-A47W-01A-11R-A23W-07	0.9241706161137441	0.8405172413793104	0.35	0.03017241379310345
luad_TCGA-50-5931-01A-11R-1755-07	0.9673202614379085	0.7688311688311689	0.3333333333333333	0.011688311688311689
blca_TCGA-CU-A3QU-01A-11R-A22U-07	0.9299610894941635	0.7810457516339869	0.32	0.026143790849673203
brca_TCGA-BH-A0DT-01A-21R-A12D-07	0.9032258064516129	0.7567567567567568	0.3333333333333333	0.02702702702702703
brca_TCGA-BH-A0HK-01A-11R-A056-07	0.8636363636363636	0.8382352941176471	0.4375	0.10294117647058823
brca_TCGA-BH-A1FR-01A-11R-A13Q-07	0.9760479041916168	0.8190954773869347	0.6	0.03015075376884422
luad_TCGA-91-6835-01A-11R-1858-07	0.9601769911504425	0.7833935018050542	0.5	0.02527075812274368
prad_TCGA-EJ-5494-01A-01R-1580-07	0.9120879120879121	0.7094017094017094	0.2222222222222222	0.017094017094017096
brca_TCGA-BH-A1EV-01A-11R-A137-07	0.9701492537313433	0.7926829268292683	0.5	0.01951219512195122
blca_TCGA-BT-A20N-01A-11R-A14Y-07	0.9296703296703297	0.8562753036437247	0.23529411764705882	0.016194331983805668
blca_TCGA-CF-A47X-01A-31R-A23W-07	0.9565217391304348	0.8552915766738661	0.2631578947368421	0.01079913606911447
prad_TCGA-EJ-5505-01A-01R-1580-07	0.9206349206349206	0.7617260787992496	0.36538461538461536	0.03564727954971857
brca_TCGA-BH-A0AZ-01A-21R-A12P-07	0.9581749049429658	0.7390029325513197	0.45	0.026392961876832845
prad_TCGA-CH-5751-01A-11R-1580-07	0.988795518207283	0.7369519832985386	0.7692307692307693	0.020876826722338204
blca_TCGA-DK-A1AG-01A-11R-A13Y-07	0.9617021276595744	0.70625	0.5	0.028125
blca_TCGA-DK-A3IN-01A-11R-A20F-07	0.9603960396039604	0.7950819672131147	0.5789473684210527	0.045081967213114756
blca_TCGA-DK-A6AW-01A-11R-A30C-07	0.8023255813953488	0.4791666666666667	0.32	0.05555555555555555
luad_TCGA-50-6595-01A-12R-1858-07	0.9607843137254902	0.8186157517899761	0.23076923076923078	0.007159904534606206
brca_TCGA-BH-A0B8-01A-21R-A056-07	0.9186991869918699	0.8278388278388278	0.3333333333333333	0.03663003663003663
prad_TCGA-HC-7745-01A-11R-2118-07	0.9361022364217252	0.8207282913165266	0.39285714285714285	0.03081232492997199
blca_TCGA-DK-A1AF-01A-11R-A13Y-07	0.9364548494983278	0.8259587020648967	0.42424242424242425	0.04129793510324484
brca_TCGA-BH-A1FJ-01A-11R-A13Q-07	0.9417808219178082	0.8333333333333334	0.19047619047619047	0.012121212121212121
